(kicad_pcb (version 20171130) (host pcbnew 5.0.2+dfsg1-1)

  (general
    (thickness 1.6)
    (drawings 0)
    (tracks 0)
    (zones 0)
    (modules 17)
    (nets 55)
  )

  (page A4)
  (layers
    (0 F.Cu signal)
    (31 B.Cu signal)
    (32 B.Adhes user)
    (33 F.Adhes user)
    (34 B.Paste user)
    (35 F.Paste user)
    (36 B.SilkS user)
    (37 F.SilkS user)
    (38 B.Mask user)
    (39 F.Mask user)
    (40 Dwgs.User user)
    (41 Cmts.User user)
    (42 Eco1.User user)
    (43 Eco2.User user)
    (44 Edge.Cuts user)
    (45 Margin user)
    (46 B.CrtYd user)
    (47 F.CrtYd user)
    (48 B.Fab user)
    (49 F.Fab user)
  )

  (setup
    (last_trace_width 0.25)
    (trace_clearance 0.2)
    (zone_clearance 0.508)
    (zone_45_only no)
    (trace_min 0.2)
    (segment_width 0.2)
    (edge_width 0.15)
    (via_size 0.8)
    (via_drill 0.4)
    (via_min_size 0.4)
    (via_min_drill 0.3)
    (uvia_size 0.3)
    (uvia_drill 0.1)
    (uvias_allowed no)
    (uvia_min_size 0.2)
    (uvia_min_drill 0.1)
    (pcb_text_width 0.3)
    (pcb_text_size 1.5 1.5)
    (mod_edge_width 0.15)
    (mod_text_size 1 1)
    (mod_text_width 0.15)
    (pad_size 1.524 1.524)
    (pad_drill 0.762)
    (pad_to_mask_clearance 0.051)
    (solder_mask_min_width 0.25)
    (aux_axis_origin 0 0)
    (visible_elements FFFFFF7F)
    (pcbplotparams
      (layerselection 0x010fc_ffffffff)
      (usegerberextensions false)
      (usegerberattributes false)
      (usegerberadvancedattributes false)
      (creategerberjobfile false)
      (excludeedgelayer true)
      (linewidth 0.100000)
      (plotframeref false)
      (viasonmask false)
      (mode 1)
      (useauxorigin false)
      (hpglpennumber 1)
      (hpglpenspeed 20)
      (hpglpendiameter 15.000000)
      (psnegative false)
      (psa4output false)
      (plotreference true)
      (plotvalue true)
      (plotinvisibletext false)
      (padsonsilk false)
      (subtractmaskfromsilk false)
      (outputformat 1)
      (mirror false)
      (drillshape 1)
      (scaleselection 1)
      (outputdirectory ""))
  )

  (net 0 "")
  (net 1 "Net-(RV1-Pad3)")
  (net 2 "Net-(RV1-Pad2)")
  (net 3 "Net-(RV1-Pad1)")
  (net 4 "Net-(RV5-Pad3)")
  (net 5 "Net-(RV5-Pad2)")
  (net 6 "Net-(RV5-Pad1)")
  (net 7 "Net-(RV4-Pad1)")
  (net 8 "Net-(RV4-Pad2)")
  (net 9 "Net-(RV4-Pad3)")
  (net 10 "Net-(RV3-Pad3)")
  (net 11 "Net-(RV3-Pad2)")
  (net 12 "Net-(RV3-Pad1)")
  (net 13 "Net-(RV2-Pad1)")
  (net 14 "Net-(RV2-Pad2)")
  (net 15 "Net-(RV2-Pad3)")
  (net 16 "Net-(RV6-Pad3)")
  (net 17 "Net-(RV6-Pad2)")
  (net 18 "Net-(RV6-Pad1)")
  (net 19 "Net-(J11-Pad1)")
  (net 20 "Net-(J11-Pad2)")
  (net 21 "Net-(J11-Pad3)")
  (net 22 "Net-(J11-Pad4)")
  (net 23 "Net-(J11-Pad5)")
  (net 24 "Net-(J11-Pad6)")
  (net 25 "Net-(J11-Pad7)")
  (net 26 "Net-(J11-Pad8)")
  (net 27 "Net-(J11-Pad9)")
  (net 28 "Net-(J11-Pad10)")
  (net 29 "Net-(J11-Pad11)")
  (net 30 "Net-(J11-Pad12)")
  (net 31 "Net-(J11-Pad13)")
  (net 32 "Net-(J11-Pad14)")
  (net 33 "Net-(J11-Pad15)")
  (net 34 "Net-(J11-Pad16)")
  (net 35 "Net-(J2-PadS)")
  (net 36 "Net-(J2-PadT)")
  (net 37 "Net-(J3-PadT)")
  (net 38 "Net-(J3-PadS)")
  (net 39 "Net-(J4-PadS)")
  (net 40 "Net-(J4-PadT)")
  (net 41 "Net-(J5-PadT)")
  (net 42 "Net-(J5-PadS)")
  (net 43 "Net-(J6-PadS)")
  (net 44 "Net-(J6-PadT)")
  (net 45 "Net-(J7-PadT)")
  (net 46 "Net-(J7-PadS)")
  (net 47 "Net-(J8-PadS)")
  (net 48 "Net-(J8-PadT)")
  (net 49 "Net-(J1-PadT)")
  (net 50 "Net-(J1-PadS)")
  (net 51 "Net-(J10-PadS)")
  (net 52 "Net-(J10-PadT)")
  (net 53 "Net-(J9-PadT)")
  (net 54 "Net-(J9-PadS)")

  (net_class Default "This is the default net class."
    (clearance 0.2)
    (trace_width 0.25)
    (via_dia 0.8)
    (via_drill 0.4)
    (uvia_dia 0.3)
    (uvia_drill 0.1)
    (add_net "Net-(J1-PadS)")
    (add_net "Net-(J1-PadT)")
    (add_net "Net-(J10-PadS)")
    (add_net "Net-(J10-PadT)")
    (add_net "Net-(J11-Pad1)")
    (add_net "Net-(J11-Pad10)")
    (add_net "Net-(J11-Pad11)")
    (add_net "Net-(J11-Pad12)")
    (add_net "Net-(J11-Pad13)")
    (add_net "Net-(J11-Pad14)")
    (add_net "Net-(J11-Pad15)")
    (add_net "Net-(J11-Pad16)")
    (add_net "Net-(J11-Pad2)")
    (add_net "Net-(J11-Pad3)")
    (add_net "Net-(J11-Pad4)")
    (add_net "Net-(J11-Pad5)")
    (add_net "Net-(J11-Pad6)")
    (add_net "Net-(J11-Pad7)")
    (add_net "Net-(J11-Pad8)")
    (add_net "Net-(J11-Pad9)")
    (add_net "Net-(J2-PadS)")
    (add_net "Net-(J2-PadT)")
    (add_net "Net-(J3-PadS)")
    (add_net "Net-(J3-PadT)")
    (add_net "Net-(J4-PadS)")
    (add_net "Net-(J4-PadT)")
    (add_net "Net-(J5-PadS)")
    (add_net "Net-(J5-PadT)")
    (add_net "Net-(J6-PadS)")
    (add_net "Net-(J6-PadT)")
    (add_net "Net-(J7-PadS)")
    (add_net "Net-(J7-PadT)")
    (add_net "Net-(J8-PadS)")
    (add_net "Net-(J8-PadT)")
    (add_net "Net-(J9-PadS)")
    (add_net "Net-(J9-PadT)")
    (add_net "Net-(RV1-Pad1)")
    (add_net "Net-(RV1-Pad2)")
    (add_net "Net-(RV1-Pad3)")
    (add_net "Net-(RV2-Pad1)")
    (add_net "Net-(RV2-Pad2)")
    (add_net "Net-(RV2-Pad3)")
    (add_net "Net-(RV3-Pad1)")
    (add_net "Net-(RV3-Pad2)")
    (add_net "Net-(RV3-Pad3)")
    (add_net "Net-(RV4-Pad1)")
    (add_net "Net-(RV4-Pad2)")
    (add_net "Net-(RV4-Pad3)")
    (add_net "Net-(RV5-Pad1)")
    (add_net "Net-(RV5-Pad2)")
    (add_net "Net-(RV5-Pad3)")
    (add_net "Net-(RV6-Pad1)")
    (add_net "Net-(RV6-Pad2)")
    (add_net "Net-(RV6-Pad3)")
  )

  (module Connector_Audio:Jack_3.5mm_QingPu_WQP-PJ398SM_Vertical_CircularHoles (layer F.Cu) (tedit 5BC12CFB) (tstamp 5D5906E0)
    (at 107.95 109.22)
    (descr "TRS 3.5mm, vertical, Thonkiconn, PCB mount, (http://www.qingpu-electronics.com/en/products/WQP-PJ398SM-362.html)")
    (tags "WQP-PJ398SM TRS 3.5mm mono vertical jack thonkiconn qingpu")
    (path /5D4B4060)
    (fp_text reference J9 (at -4.03 1.08 180) (layer F.SilkS)
      (effects (font (size 1 1) (thickness 0.15)))
    )
    (fp_text value AudioJack3 (at 0 5 180) (layer F.Fab)
      (effects (font (size 1 1) (thickness 0.15)))
    )
    (fp_line (start 0 0) (end 0 2.03) (layer F.Fab) (width 0.1))
    (fp_circle (center 0 6.48) (end 1.8 6.48) (layer F.Fab) (width 0.1))
    (fp_line (start 4.5 2.03) (end -4.5 2.03) (layer F.Fab) (width 0.1))
    (fp_line (start 5 -1.58) (end -5 -1.58) (layer F.CrtYd) (width 0.05))
    (fp_line (start 5 13.25) (end -5 13.25) (layer F.CrtYd) (width 0.05))
    (fp_line (start 5 13.25) (end 5 -1.58) (layer F.CrtYd) (width 0.05))
    (fp_line (start 4.5 12.48) (end -4.5 12.48) (layer F.Fab) (width 0.1))
    (fp_line (start 4.5 12.48) (end 4.5 2.08) (layer F.Fab) (width 0.1))
    (fp_line (start -1.4 -1.18) (end -0.08 -1.18) (layer F.SilkS) (width 0.12))
    (fp_line (start -1.4 -1.18) (end -1.4 -0.08) (layer F.SilkS) (width 0.12))
    (fp_line (start 0.42 1.2) (end 0.42 1.8) (layer F.SilkS) (width 0.12))
    (fp_line (start -0.42 1.2) (end -0.42 1.8) (layer F.SilkS) (width 0.12))
    (fp_circle (center 0 6.48) (end 1.8 6.48) (layer F.SilkS) (width 0.12))
    (fp_line (start -0.9 1.98) (end -4.5 1.98) (layer F.SilkS) (width 0.12))
    (fp_line (start 4.5 1.98) (end 0.9 1.98) (layer F.SilkS) (width 0.12))
    (fp_line (start -1 12.48) (end -4.5 12.48) (layer F.SilkS) (width 0.12))
    (fp_line (start 4.5 12.48) (end 1 12.48) (layer F.SilkS) (width 0.12))
    (fp_arc (start 0 6.48) (end 0 9.375) (angle -153.4) (layer F.SilkS) (width 0.12))
    (fp_arc (start 0 6.48) (end 0 9.375) (angle 153.4) (layer F.SilkS) (width 0.12))
    (fp_line (start -1.41 6.02) (end -0.46 5.07) (layer Dwgs.User) (width 0.12))
    (fp_line (start -1.42 6.875) (end 0.4 5.06) (layer Dwgs.User) (width 0.12))
    (fp_line (start -1.07 7.49) (end 1.01 5.41) (layer Dwgs.User) (width 0.12))
    (fp_line (start -0.58 7.83) (end 1.36 5.89) (layer Dwgs.User) (width 0.12))
    (fp_line (start 0.09 7.96) (end 1.48 6.57) (layer Dwgs.User) (width 0.12))
    (fp_circle (center 0 6.48) (end 1.5 6.48) (layer Dwgs.User) (width 0.12))
    (fp_line (start 4.5 1.98) (end 4.5 12.48) (layer F.SilkS) (width 0.12))
    (fp_line (start -4.5 1.98) (end -4.5 12.48) (layer F.SilkS) (width 0.12))
    (fp_text user %R (at 0 8 180) (layer F.Fab)
      (effects (font (size 1 1) (thickness 0.15)))
    )
    (fp_line (start -4.5 12.48) (end -4.5 2.08) (layer F.Fab) (width 0.1))
    (fp_line (start -5 13.25) (end -5 -1.58) (layer F.CrtYd) (width 0.05))
    (fp_text user KEEPOUT (at 0 6.48) (layer Cmts.User)
      (effects (font (size 0.4 0.4) (thickness 0.051)))
    )
    (pad T thru_hole circle (at 0 11.4 180) (size 2.7 2.7) (drill 1.8) (layers *.Cu *.Mask)
      (net 53 "Net-(J9-PadT)"))
    (pad S thru_hole rect (at 0 0 180) (size 2.6 2.15) (drill 1.6) (layers *.Cu *.Mask)
      (net 54 "Net-(J9-PadS)"))
    (pad TN thru_hole oval (at 0 3.1 180) (size 2.8 2.35) (drill 1.8) (layers *.Cu *.Mask))
    (model ${KISYS3DMOD}/Connector_Audio.3dshapes/Jack_3.5mm_QingPu_WQP-PJ398SM_Vertical.wrl
      (at (xyz 0 0 0))
      (scale (xyz 1 1 1))
      (rotate (xyz 0 0 0))
    )
  )

  (module Connector_Audio:Jack_3.5mm_QingPu_WQP-PJ398SM_Vertical_CircularHoles (layer F.Cu) (tedit 5BC12CFB) (tstamp 5D5906BA)
    (at 153.67 85.09)
    (descr "TRS 3.5mm, vertical, Thonkiconn, PCB mount, (http://www.qingpu-electronics.com/en/products/WQP-PJ398SM-362.html)")
    (tags "WQP-PJ398SM TRS 3.5mm mono vertical jack thonkiconn qingpu")
    (path /5D4B40AA)
    (fp_text reference J10 (at -4.03 1.08 180) (layer F.SilkS)
      (effects (font (size 1 1) (thickness 0.15)))
    )
    (fp_text value AudioJack3 (at 0 5 180) (layer F.Fab)
      (effects (font (size 1 1) (thickness 0.15)))
    )
    (fp_text user KEEPOUT (at 0 6.48) (layer Cmts.User)
      (effects (font (size 0.4 0.4) (thickness 0.051)))
    )
    (fp_line (start -5 13.25) (end -5 -1.58) (layer F.CrtYd) (width 0.05))
    (fp_line (start -4.5 12.48) (end -4.5 2.08) (layer F.Fab) (width 0.1))
    (fp_text user %R (at 0 8 180) (layer F.Fab)
      (effects (font (size 1 1) (thickness 0.15)))
    )
    (fp_line (start -4.5 1.98) (end -4.5 12.48) (layer F.SilkS) (width 0.12))
    (fp_line (start 4.5 1.98) (end 4.5 12.48) (layer F.SilkS) (width 0.12))
    (fp_circle (center 0 6.48) (end 1.5 6.48) (layer Dwgs.User) (width 0.12))
    (fp_line (start 0.09 7.96) (end 1.48 6.57) (layer Dwgs.User) (width 0.12))
    (fp_line (start -0.58 7.83) (end 1.36 5.89) (layer Dwgs.User) (width 0.12))
    (fp_line (start -1.07 7.49) (end 1.01 5.41) (layer Dwgs.User) (width 0.12))
    (fp_line (start -1.42 6.875) (end 0.4 5.06) (layer Dwgs.User) (width 0.12))
    (fp_line (start -1.41 6.02) (end -0.46 5.07) (layer Dwgs.User) (width 0.12))
    (fp_arc (start 0 6.48) (end 0 9.375) (angle 153.4) (layer F.SilkS) (width 0.12))
    (fp_arc (start 0 6.48) (end 0 9.375) (angle -153.4) (layer F.SilkS) (width 0.12))
    (fp_line (start 4.5 12.48) (end 1 12.48) (layer F.SilkS) (width 0.12))
    (fp_line (start -1 12.48) (end -4.5 12.48) (layer F.SilkS) (width 0.12))
    (fp_line (start 4.5 1.98) (end 0.9 1.98) (layer F.SilkS) (width 0.12))
    (fp_line (start -0.9 1.98) (end -4.5 1.98) (layer F.SilkS) (width 0.12))
    (fp_circle (center 0 6.48) (end 1.8 6.48) (layer F.SilkS) (width 0.12))
    (fp_line (start -0.42 1.2) (end -0.42 1.8) (layer F.SilkS) (width 0.12))
    (fp_line (start 0.42 1.2) (end 0.42 1.8) (layer F.SilkS) (width 0.12))
    (fp_line (start -1.4 -1.18) (end -1.4 -0.08) (layer F.SilkS) (width 0.12))
    (fp_line (start -1.4 -1.18) (end -0.08 -1.18) (layer F.SilkS) (width 0.12))
    (fp_line (start 4.5 12.48) (end 4.5 2.08) (layer F.Fab) (width 0.1))
    (fp_line (start 4.5 12.48) (end -4.5 12.48) (layer F.Fab) (width 0.1))
    (fp_line (start 5 13.25) (end 5 -1.58) (layer F.CrtYd) (width 0.05))
    (fp_line (start 5 13.25) (end -5 13.25) (layer F.CrtYd) (width 0.05))
    (fp_line (start 5 -1.58) (end -5 -1.58) (layer F.CrtYd) (width 0.05))
    (fp_line (start 4.5 2.03) (end -4.5 2.03) (layer F.Fab) (width 0.1))
    (fp_circle (center 0 6.48) (end 1.8 6.48) (layer F.Fab) (width 0.1))
    (fp_line (start 0 0) (end 0 2.03) (layer F.Fab) (width 0.1))
    (pad TN thru_hole oval (at 0 3.1 180) (size 2.8 2.35) (drill 1.8) (layers *.Cu *.Mask))
    (pad S thru_hole rect (at 0 0 180) (size 2.6 2.15) (drill 1.6) (layers *.Cu *.Mask)
      (net 51 "Net-(J10-PadS)"))
    (pad T thru_hole circle (at 0 11.4 180) (size 2.7 2.7) (drill 1.8) (layers *.Cu *.Mask)
      (net 52 "Net-(J10-PadT)"))
    (model ${KISYS3DMOD}/Connector_Audio.3dshapes/Jack_3.5mm_QingPu_WQP-PJ398SM_Vertical.wrl
      (at (xyz 0 0 0))
      (scale (xyz 1 1 1))
      (rotate (xyz 0 0 0))
    )
  )

  (module Connector_Audio:Jack_3.5mm_QingPu_WQP-PJ398SM_Vertical_CircularHoles (layer F.Cu) (tedit 5BC12CFB) (tstamp 5D590694)
    (at 86.36 109.22)
    (descr "TRS 3.5mm, vertical, Thonkiconn, PCB mount, (http://www.qingpu-electronics.com/en/products/WQP-PJ398SM-362.html)")
    (tags "WQP-PJ398SM TRS 3.5mm mono vertical jack thonkiconn qingpu")
    (path /5D4B3E09)
    (fp_text reference J1 (at -4.03 1.08 180) (layer F.SilkS)
      (effects (font (size 1 1) (thickness 0.15)))
    )
    (fp_text value AudioJack3 (at 0 5 180) (layer F.Fab)
      (effects (font (size 1 1) (thickness 0.15)))
    )
    (fp_line (start 0 0) (end 0 2.03) (layer F.Fab) (width 0.1))
    (fp_circle (center 0 6.48) (end 1.8 6.48) (layer F.Fab) (width 0.1))
    (fp_line (start 4.5 2.03) (end -4.5 2.03) (layer F.Fab) (width 0.1))
    (fp_line (start 5 -1.58) (end -5 -1.58) (layer F.CrtYd) (width 0.05))
    (fp_line (start 5 13.25) (end -5 13.25) (layer F.CrtYd) (width 0.05))
    (fp_line (start 5 13.25) (end 5 -1.58) (layer F.CrtYd) (width 0.05))
    (fp_line (start 4.5 12.48) (end -4.5 12.48) (layer F.Fab) (width 0.1))
    (fp_line (start 4.5 12.48) (end 4.5 2.08) (layer F.Fab) (width 0.1))
    (fp_line (start -1.4 -1.18) (end -0.08 -1.18) (layer F.SilkS) (width 0.12))
    (fp_line (start -1.4 -1.18) (end -1.4 -0.08) (layer F.SilkS) (width 0.12))
    (fp_line (start 0.42 1.2) (end 0.42 1.8) (layer F.SilkS) (width 0.12))
    (fp_line (start -0.42 1.2) (end -0.42 1.8) (layer F.SilkS) (width 0.12))
    (fp_circle (center 0 6.48) (end 1.8 6.48) (layer F.SilkS) (width 0.12))
    (fp_line (start -0.9 1.98) (end -4.5 1.98) (layer F.SilkS) (width 0.12))
    (fp_line (start 4.5 1.98) (end 0.9 1.98) (layer F.SilkS) (width 0.12))
    (fp_line (start -1 12.48) (end -4.5 12.48) (layer F.SilkS) (width 0.12))
    (fp_line (start 4.5 12.48) (end 1 12.48) (layer F.SilkS) (width 0.12))
    (fp_arc (start 0 6.48) (end 0 9.375) (angle -153.4) (layer F.SilkS) (width 0.12))
    (fp_arc (start 0 6.48) (end 0 9.375) (angle 153.4) (layer F.SilkS) (width 0.12))
    (fp_line (start -1.41 6.02) (end -0.46 5.07) (layer Dwgs.User) (width 0.12))
    (fp_line (start -1.42 6.875) (end 0.4 5.06) (layer Dwgs.User) (width 0.12))
    (fp_line (start -1.07 7.49) (end 1.01 5.41) (layer Dwgs.User) (width 0.12))
    (fp_line (start -0.58 7.83) (end 1.36 5.89) (layer Dwgs.User) (width 0.12))
    (fp_line (start 0.09 7.96) (end 1.48 6.57) (layer Dwgs.User) (width 0.12))
    (fp_circle (center 0 6.48) (end 1.5 6.48) (layer Dwgs.User) (width 0.12))
    (fp_line (start 4.5 1.98) (end 4.5 12.48) (layer F.SilkS) (width 0.12))
    (fp_line (start -4.5 1.98) (end -4.5 12.48) (layer F.SilkS) (width 0.12))
    (fp_text user %R (at 0 8 180) (layer F.Fab)
      (effects (font (size 1 1) (thickness 0.15)))
    )
    (fp_line (start -4.5 12.48) (end -4.5 2.08) (layer F.Fab) (width 0.1))
    (fp_line (start -5 13.25) (end -5 -1.58) (layer F.CrtYd) (width 0.05))
    (fp_text user KEEPOUT (at 0 6.48) (layer Cmts.User)
      (effects (font (size 0.4 0.4) (thickness 0.051)))
    )
    (pad T thru_hole circle (at 0 11.4 180) (size 2.7 2.7) (drill 1.8) (layers *.Cu *.Mask)
      (net 49 "Net-(J1-PadT)"))
    (pad S thru_hole rect (at 0 0 180) (size 2.6 2.15) (drill 1.6) (layers *.Cu *.Mask)
      (net 50 "Net-(J1-PadS)"))
    (pad TN thru_hole oval (at 0 3.1 180) (size 2.8 2.35) (drill 1.8) (layers *.Cu *.Mask))
    (model ${KISYS3DMOD}/Connector_Audio.3dshapes/Jack_3.5mm_QingPu_WQP-PJ398SM_Vertical.wrl
      (at (xyz 0 0 0))
      (scale (xyz 1 1 1))
      (rotate (xyz 0 0 0))
    )
  )

  (module Connector_Audio:Jack_3.5mm_QingPu_WQP-PJ398SM_Vertical_CircularHoles (layer F.Cu) (tedit 5BC12CFB) (tstamp 5D59066E)
    (at 129.54 110.49)
    (descr "TRS 3.5mm, vertical, Thonkiconn, PCB mount, (http://www.qingpu-electronics.com/en/products/WQP-PJ398SM-362.html)")
    (tags "WQP-PJ398SM TRS 3.5mm mono vertical jack thonkiconn qingpu")
    (path /5D4B4028)
    (fp_text reference J8 (at -4.03 1.08 180) (layer F.SilkS)
      (effects (font (size 1 1) (thickness 0.15)))
    )
    (fp_text value AudioJack3 (at 0 5 180) (layer F.Fab)
      (effects (font (size 1 1) (thickness 0.15)))
    )
    (fp_text user KEEPOUT (at 0 6.48) (layer Cmts.User)
      (effects (font (size 0.4 0.4) (thickness 0.051)))
    )
    (fp_line (start -5 13.25) (end -5 -1.58) (layer F.CrtYd) (width 0.05))
    (fp_line (start -4.5 12.48) (end -4.5 2.08) (layer F.Fab) (width 0.1))
    (fp_text user %R (at 0 8 180) (layer F.Fab)
      (effects (font (size 1 1) (thickness 0.15)))
    )
    (fp_line (start -4.5 1.98) (end -4.5 12.48) (layer F.SilkS) (width 0.12))
    (fp_line (start 4.5 1.98) (end 4.5 12.48) (layer F.SilkS) (width 0.12))
    (fp_circle (center 0 6.48) (end 1.5 6.48) (layer Dwgs.User) (width 0.12))
    (fp_line (start 0.09 7.96) (end 1.48 6.57) (layer Dwgs.User) (width 0.12))
    (fp_line (start -0.58 7.83) (end 1.36 5.89) (layer Dwgs.User) (width 0.12))
    (fp_line (start -1.07 7.49) (end 1.01 5.41) (layer Dwgs.User) (width 0.12))
    (fp_line (start -1.42 6.875) (end 0.4 5.06) (layer Dwgs.User) (width 0.12))
    (fp_line (start -1.41 6.02) (end -0.46 5.07) (layer Dwgs.User) (width 0.12))
    (fp_arc (start 0 6.48) (end 0 9.375) (angle 153.4) (layer F.SilkS) (width 0.12))
    (fp_arc (start 0 6.48) (end 0 9.375) (angle -153.4) (layer F.SilkS) (width 0.12))
    (fp_line (start 4.5 12.48) (end 1 12.48) (layer F.SilkS) (width 0.12))
    (fp_line (start -1 12.48) (end -4.5 12.48) (layer F.SilkS) (width 0.12))
    (fp_line (start 4.5 1.98) (end 0.9 1.98) (layer F.SilkS) (width 0.12))
    (fp_line (start -0.9 1.98) (end -4.5 1.98) (layer F.SilkS) (width 0.12))
    (fp_circle (center 0 6.48) (end 1.8 6.48) (layer F.SilkS) (width 0.12))
    (fp_line (start -0.42 1.2) (end -0.42 1.8) (layer F.SilkS) (width 0.12))
    (fp_line (start 0.42 1.2) (end 0.42 1.8) (layer F.SilkS) (width 0.12))
    (fp_line (start -1.4 -1.18) (end -1.4 -0.08) (layer F.SilkS) (width 0.12))
    (fp_line (start -1.4 -1.18) (end -0.08 -1.18) (layer F.SilkS) (width 0.12))
    (fp_line (start 4.5 12.48) (end 4.5 2.08) (layer F.Fab) (width 0.1))
    (fp_line (start 4.5 12.48) (end -4.5 12.48) (layer F.Fab) (width 0.1))
    (fp_line (start 5 13.25) (end 5 -1.58) (layer F.CrtYd) (width 0.05))
    (fp_line (start 5 13.25) (end -5 13.25) (layer F.CrtYd) (width 0.05))
    (fp_line (start 5 -1.58) (end -5 -1.58) (layer F.CrtYd) (width 0.05))
    (fp_line (start 4.5 2.03) (end -4.5 2.03) (layer F.Fab) (width 0.1))
    (fp_circle (center 0 6.48) (end 1.8 6.48) (layer F.Fab) (width 0.1))
    (fp_line (start 0 0) (end 0 2.03) (layer F.Fab) (width 0.1))
    (pad TN thru_hole oval (at 0 3.1 180) (size 2.8 2.35) (drill 1.8) (layers *.Cu *.Mask))
    (pad S thru_hole rect (at 0 0 180) (size 2.6 2.15) (drill 1.6) (layers *.Cu *.Mask)
      (net 47 "Net-(J8-PadS)"))
    (pad T thru_hole circle (at 0 11.4 180) (size 2.7 2.7) (drill 1.8) (layers *.Cu *.Mask)
      (net 48 "Net-(J8-PadT)"))
    (model ${KISYS3DMOD}/Connector_Audio.3dshapes/Jack_3.5mm_QingPu_WQP-PJ398SM_Vertical.wrl
      (at (xyz 0 0 0))
      (scale (xyz 1 1 1))
      (rotate (xyz 0 0 0))
    )
  )

  (module Connector_Audio:Jack_3.5mm_QingPu_WQP-PJ398SM_Vertical_CircularHoles (layer F.Cu) (tedit 5BC12CFB) (tstamp 5D590648)
    (at 129.54 85.09)
    (descr "TRS 3.5mm, vertical, Thonkiconn, PCB mount, (http://www.qingpu-electronics.com/en/products/WQP-PJ398SM-362.html)")
    (tags "WQP-PJ398SM TRS 3.5mm mono vertical jack thonkiconn qingpu")
    (path /5D4B40F0)
    (fp_text reference J7 (at -4.03 1.08 180) (layer F.SilkS)
      (effects (font (size 1 1) (thickness 0.15)))
    )
    (fp_text value AudioJack3 (at 0 5 180) (layer F.Fab)
      (effects (font (size 1 1) (thickness 0.15)))
    )
    (fp_line (start 0 0) (end 0 2.03) (layer F.Fab) (width 0.1))
    (fp_circle (center 0 6.48) (end 1.8 6.48) (layer F.Fab) (width 0.1))
    (fp_line (start 4.5 2.03) (end -4.5 2.03) (layer F.Fab) (width 0.1))
    (fp_line (start 5 -1.58) (end -5 -1.58) (layer F.CrtYd) (width 0.05))
    (fp_line (start 5 13.25) (end -5 13.25) (layer F.CrtYd) (width 0.05))
    (fp_line (start 5 13.25) (end 5 -1.58) (layer F.CrtYd) (width 0.05))
    (fp_line (start 4.5 12.48) (end -4.5 12.48) (layer F.Fab) (width 0.1))
    (fp_line (start 4.5 12.48) (end 4.5 2.08) (layer F.Fab) (width 0.1))
    (fp_line (start -1.4 -1.18) (end -0.08 -1.18) (layer F.SilkS) (width 0.12))
    (fp_line (start -1.4 -1.18) (end -1.4 -0.08) (layer F.SilkS) (width 0.12))
    (fp_line (start 0.42 1.2) (end 0.42 1.8) (layer F.SilkS) (width 0.12))
    (fp_line (start -0.42 1.2) (end -0.42 1.8) (layer F.SilkS) (width 0.12))
    (fp_circle (center 0 6.48) (end 1.8 6.48) (layer F.SilkS) (width 0.12))
    (fp_line (start -0.9 1.98) (end -4.5 1.98) (layer F.SilkS) (width 0.12))
    (fp_line (start 4.5 1.98) (end 0.9 1.98) (layer F.SilkS) (width 0.12))
    (fp_line (start -1 12.48) (end -4.5 12.48) (layer F.SilkS) (width 0.12))
    (fp_line (start 4.5 12.48) (end 1 12.48) (layer F.SilkS) (width 0.12))
    (fp_arc (start 0 6.48) (end 0 9.375) (angle -153.4) (layer F.SilkS) (width 0.12))
    (fp_arc (start 0 6.48) (end 0 9.375) (angle 153.4) (layer F.SilkS) (width 0.12))
    (fp_line (start -1.41 6.02) (end -0.46 5.07) (layer Dwgs.User) (width 0.12))
    (fp_line (start -1.42 6.875) (end 0.4 5.06) (layer Dwgs.User) (width 0.12))
    (fp_line (start -1.07 7.49) (end 1.01 5.41) (layer Dwgs.User) (width 0.12))
    (fp_line (start -0.58 7.83) (end 1.36 5.89) (layer Dwgs.User) (width 0.12))
    (fp_line (start 0.09 7.96) (end 1.48 6.57) (layer Dwgs.User) (width 0.12))
    (fp_circle (center 0 6.48) (end 1.5 6.48) (layer Dwgs.User) (width 0.12))
    (fp_line (start 4.5 1.98) (end 4.5 12.48) (layer F.SilkS) (width 0.12))
    (fp_line (start -4.5 1.98) (end -4.5 12.48) (layer F.SilkS) (width 0.12))
    (fp_text user %R (at 0 8 180) (layer F.Fab)
      (effects (font (size 1 1) (thickness 0.15)))
    )
    (fp_line (start -4.5 12.48) (end -4.5 2.08) (layer F.Fab) (width 0.1))
    (fp_line (start -5 13.25) (end -5 -1.58) (layer F.CrtYd) (width 0.05))
    (fp_text user KEEPOUT (at 0 6.48) (layer Cmts.User)
      (effects (font (size 0.4 0.4) (thickness 0.051)))
    )
    (pad T thru_hole circle (at 0 11.4 180) (size 2.7 2.7) (drill 1.8) (layers *.Cu *.Mask)
      (net 45 "Net-(J7-PadT)"))
    (pad S thru_hole rect (at 0 0 180) (size 2.6 2.15) (drill 1.6) (layers *.Cu *.Mask)
      (net 46 "Net-(J7-PadS)"))
    (pad TN thru_hole oval (at 0 3.1 180) (size 2.8 2.35) (drill 1.8) (layers *.Cu *.Mask))
    (model ${KISYS3DMOD}/Connector_Audio.3dshapes/Jack_3.5mm_QingPu_WQP-PJ398SM_Vertical.wrl
      (at (xyz 0 0 0))
      (scale (xyz 1 1 1))
      (rotate (xyz 0 0 0))
    )
  )

  (module Connector_Audio:Jack_3.5mm_QingPu_WQP-PJ398SM_Vertical_CircularHoles (layer F.Cu) (tedit 5BC12CFB) (tstamp 5D590622)
    (at 106.68 85.09)
    (descr "TRS 3.5mm, vertical, Thonkiconn, PCB mount, (http://www.qingpu-electronics.com/en/products/WQP-PJ398SM-362.html)")
    (tags "WQP-PJ398SM TRS 3.5mm mono vertical jack thonkiconn qingpu")
    (path /5D4B3FCC)
    (fp_text reference J6 (at -4.03 1.08 180) (layer F.SilkS)
      (effects (font (size 1 1) (thickness 0.15)))
    )
    (fp_text value AudioJack3 (at 0 5 180) (layer F.Fab)
      (effects (font (size 1 1) (thickness 0.15)))
    )
    (fp_text user KEEPOUT (at 0 6.48) (layer Cmts.User)
      (effects (font (size 0.4 0.4) (thickness 0.051)))
    )
    (fp_line (start -5 13.25) (end -5 -1.58) (layer F.CrtYd) (width 0.05))
    (fp_line (start -4.5 12.48) (end -4.5 2.08) (layer F.Fab) (width 0.1))
    (fp_text user %R (at 0 8 180) (layer F.Fab)
      (effects (font (size 1 1) (thickness 0.15)))
    )
    (fp_line (start -4.5 1.98) (end -4.5 12.48) (layer F.SilkS) (width 0.12))
    (fp_line (start 4.5 1.98) (end 4.5 12.48) (layer F.SilkS) (width 0.12))
    (fp_circle (center 0 6.48) (end 1.5 6.48) (layer Dwgs.User) (width 0.12))
    (fp_line (start 0.09 7.96) (end 1.48 6.57) (layer Dwgs.User) (width 0.12))
    (fp_line (start -0.58 7.83) (end 1.36 5.89) (layer Dwgs.User) (width 0.12))
    (fp_line (start -1.07 7.49) (end 1.01 5.41) (layer Dwgs.User) (width 0.12))
    (fp_line (start -1.42 6.875) (end 0.4 5.06) (layer Dwgs.User) (width 0.12))
    (fp_line (start -1.41 6.02) (end -0.46 5.07) (layer Dwgs.User) (width 0.12))
    (fp_arc (start 0 6.48) (end 0 9.375) (angle 153.4) (layer F.SilkS) (width 0.12))
    (fp_arc (start 0 6.48) (end 0 9.375) (angle -153.4) (layer F.SilkS) (width 0.12))
    (fp_line (start 4.5 12.48) (end 1 12.48) (layer F.SilkS) (width 0.12))
    (fp_line (start -1 12.48) (end -4.5 12.48) (layer F.SilkS) (width 0.12))
    (fp_line (start 4.5 1.98) (end 0.9 1.98) (layer F.SilkS) (width 0.12))
    (fp_line (start -0.9 1.98) (end -4.5 1.98) (layer F.SilkS) (width 0.12))
    (fp_circle (center 0 6.48) (end 1.8 6.48) (layer F.SilkS) (width 0.12))
    (fp_line (start -0.42 1.2) (end -0.42 1.8) (layer F.SilkS) (width 0.12))
    (fp_line (start 0.42 1.2) (end 0.42 1.8) (layer F.SilkS) (width 0.12))
    (fp_line (start -1.4 -1.18) (end -1.4 -0.08) (layer F.SilkS) (width 0.12))
    (fp_line (start -1.4 -1.18) (end -0.08 -1.18) (layer F.SilkS) (width 0.12))
    (fp_line (start 4.5 12.48) (end 4.5 2.08) (layer F.Fab) (width 0.1))
    (fp_line (start 4.5 12.48) (end -4.5 12.48) (layer F.Fab) (width 0.1))
    (fp_line (start 5 13.25) (end 5 -1.58) (layer F.CrtYd) (width 0.05))
    (fp_line (start 5 13.25) (end -5 13.25) (layer F.CrtYd) (width 0.05))
    (fp_line (start 5 -1.58) (end -5 -1.58) (layer F.CrtYd) (width 0.05))
    (fp_line (start 4.5 2.03) (end -4.5 2.03) (layer F.Fab) (width 0.1))
    (fp_circle (center 0 6.48) (end 1.8 6.48) (layer F.Fab) (width 0.1))
    (fp_line (start 0 0) (end 0 2.03) (layer F.Fab) (width 0.1))
    (pad TN thru_hole oval (at 0 3.1 180) (size 2.8 2.35) (drill 1.8) (layers *.Cu *.Mask))
    (pad S thru_hole rect (at 0 0 180) (size 2.6 2.15) (drill 1.6) (layers *.Cu *.Mask)
      (net 43 "Net-(J6-PadS)"))
    (pad T thru_hole circle (at 0 11.4 180) (size 2.7 2.7) (drill 1.8) (layers *.Cu *.Mask)
      (net 44 "Net-(J6-PadT)"))
    (model ${KISYS3DMOD}/Connector_Audio.3dshapes/Jack_3.5mm_QingPu_WQP-PJ398SM_Vertical.wrl
      (at (xyz 0 0 0))
      (scale (xyz 1 1 1))
      (rotate (xyz 0 0 0))
    )
  )

  (module Connector_Audio:Jack_3.5mm_QingPu_WQP-PJ398SM_Vertical_CircularHoles (layer F.Cu) (tedit 5BC12CFB) (tstamp 5D5905FC)
    (at 182.88 110.49)
    (descr "TRS 3.5mm, vertical, Thonkiconn, PCB mount, (http://www.qingpu-electronics.com/en/products/WQP-PJ398SM-362.html)")
    (tags "WQP-PJ398SM TRS 3.5mm mono vertical jack thonkiconn qingpu")
    (path /5D4B3F61)
    (fp_text reference J5 (at -4.03 1.08 180) (layer F.SilkS)
      (effects (font (size 1 1) (thickness 0.15)))
    )
    (fp_text value AudioJack3 (at 0 5 180) (layer F.Fab)
      (effects (font (size 1 1) (thickness 0.15)))
    )
    (fp_line (start 0 0) (end 0 2.03) (layer F.Fab) (width 0.1))
    (fp_circle (center 0 6.48) (end 1.8 6.48) (layer F.Fab) (width 0.1))
    (fp_line (start 4.5 2.03) (end -4.5 2.03) (layer F.Fab) (width 0.1))
    (fp_line (start 5 -1.58) (end -5 -1.58) (layer F.CrtYd) (width 0.05))
    (fp_line (start 5 13.25) (end -5 13.25) (layer F.CrtYd) (width 0.05))
    (fp_line (start 5 13.25) (end 5 -1.58) (layer F.CrtYd) (width 0.05))
    (fp_line (start 4.5 12.48) (end -4.5 12.48) (layer F.Fab) (width 0.1))
    (fp_line (start 4.5 12.48) (end 4.5 2.08) (layer F.Fab) (width 0.1))
    (fp_line (start -1.4 -1.18) (end -0.08 -1.18) (layer F.SilkS) (width 0.12))
    (fp_line (start -1.4 -1.18) (end -1.4 -0.08) (layer F.SilkS) (width 0.12))
    (fp_line (start 0.42 1.2) (end 0.42 1.8) (layer F.SilkS) (width 0.12))
    (fp_line (start -0.42 1.2) (end -0.42 1.8) (layer F.SilkS) (width 0.12))
    (fp_circle (center 0 6.48) (end 1.8 6.48) (layer F.SilkS) (width 0.12))
    (fp_line (start -0.9 1.98) (end -4.5 1.98) (layer F.SilkS) (width 0.12))
    (fp_line (start 4.5 1.98) (end 0.9 1.98) (layer F.SilkS) (width 0.12))
    (fp_line (start -1 12.48) (end -4.5 12.48) (layer F.SilkS) (width 0.12))
    (fp_line (start 4.5 12.48) (end 1 12.48) (layer F.SilkS) (width 0.12))
    (fp_arc (start 0 6.48) (end 0 9.375) (angle -153.4) (layer F.SilkS) (width 0.12))
    (fp_arc (start 0 6.48) (end 0 9.375) (angle 153.4) (layer F.SilkS) (width 0.12))
    (fp_line (start -1.41 6.02) (end -0.46 5.07) (layer Dwgs.User) (width 0.12))
    (fp_line (start -1.42 6.875) (end 0.4 5.06) (layer Dwgs.User) (width 0.12))
    (fp_line (start -1.07 7.49) (end 1.01 5.41) (layer Dwgs.User) (width 0.12))
    (fp_line (start -0.58 7.83) (end 1.36 5.89) (layer Dwgs.User) (width 0.12))
    (fp_line (start 0.09 7.96) (end 1.48 6.57) (layer Dwgs.User) (width 0.12))
    (fp_circle (center 0 6.48) (end 1.5 6.48) (layer Dwgs.User) (width 0.12))
    (fp_line (start 4.5 1.98) (end 4.5 12.48) (layer F.SilkS) (width 0.12))
    (fp_line (start -4.5 1.98) (end -4.5 12.48) (layer F.SilkS) (width 0.12))
    (fp_text user %R (at 0 8 180) (layer F.Fab)
      (effects (font (size 1 1) (thickness 0.15)))
    )
    (fp_line (start -4.5 12.48) (end -4.5 2.08) (layer F.Fab) (width 0.1))
    (fp_line (start -5 13.25) (end -5 -1.58) (layer F.CrtYd) (width 0.05))
    (fp_text user KEEPOUT (at 0 6.48) (layer Cmts.User)
      (effects (font (size 0.4 0.4) (thickness 0.051)))
    )
    (pad T thru_hole circle (at 0 11.4 180) (size 2.7 2.7) (drill 1.8) (layers *.Cu *.Mask)
      (net 41 "Net-(J5-PadT)"))
    (pad S thru_hole rect (at 0 0 180) (size 2.6 2.15) (drill 1.6) (layers *.Cu *.Mask)
      (net 42 "Net-(J5-PadS)"))
    (pad TN thru_hole oval (at 0 3.1 180) (size 2.8 2.35) (drill 1.8) (layers *.Cu *.Mask))
    (model ${KISYS3DMOD}/Connector_Audio.3dshapes/Jack_3.5mm_QingPu_WQP-PJ398SM_Vertical.wrl
      (at (xyz 0 0 0))
      (scale (xyz 1 1 1))
      (rotate (xyz 0 0 0))
    )
  )

  (module Connector_Audio:Jack_3.5mm_QingPu_WQP-PJ398SM_Vertical_CircularHoles (layer F.Cu) (tedit 5BC12CFB) (tstamp 5D5905D6)
    (at 149.86 110.49)
    (descr "TRS 3.5mm, vertical, Thonkiconn, PCB mount, (http://www.qingpu-electronics.com/en/products/WQP-PJ398SM-362.html)")
    (tags "WQP-PJ398SM TRS 3.5mm mono vertical jack thonkiconn qingpu")
    (path /5D4B3F17)
    (fp_text reference J4 (at -4.03 1.08 180) (layer F.SilkS)
      (effects (font (size 1 1) (thickness 0.15)))
    )
    (fp_text value AudioJack3 (at 0 5 180) (layer F.Fab)
      (effects (font (size 1 1) (thickness 0.15)))
    )
    (fp_text user KEEPOUT (at 0 6.48) (layer Cmts.User)
      (effects (font (size 0.4 0.4) (thickness 0.051)))
    )
    (fp_line (start -5 13.25) (end -5 -1.58) (layer F.CrtYd) (width 0.05))
    (fp_line (start -4.5 12.48) (end -4.5 2.08) (layer F.Fab) (width 0.1))
    (fp_text user %R (at 0 8 180) (layer F.Fab)
      (effects (font (size 1 1) (thickness 0.15)))
    )
    (fp_line (start -4.5 1.98) (end -4.5 12.48) (layer F.SilkS) (width 0.12))
    (fp_line (start 4.5 1.98) (end 4.5 12.48) (layer F.SilkS) (width 0.12))
    (fp_circle (center 0 6.48) (end 1.5 6.48) (layer Dwgs.User) (width 0.12))
    (fp_line (start 0.09 7.96) (end 1.48 6.57) (layer Dwgs.User) (width 0.12))
    (fp_line (start -0.58 7.83) (end 1.36 5.89) (layer Dwgs.User) (width 0.12))
    (fp_line (start -1.07 7.49) (end 1.01 5.41) (layer Dwgs.User) (width 0.12))
    (fp_line (start -1.42 6.875) (end 0.4 5.06) (layer Dwgs.User) (width 0.12))
    (fp_line (start -1.41 6.02) (end -0.46 5.07) (layer Dwgs.User) (width 0.12))
    (fp_arc (start 0 6.48) (end 0 9.375) (angle 153.4) (layer F.SilkS) (width 0.12))
    (fp_arc (start 0 6.48) (end 0 9.375) (angle -153.4) (layer F.SilkS) (width 0.12))
    (fp_line (start 4.5 12.48) (end 1 12.48) (layer F.SilkS) (width 0.12))
    (fp_line (start -1 12.48) (end -4.5 12.48) (layer F.SilkS) (width 0.12))
    (fp_line (start 4.5 1.98) (end 0.9 1.98) (layer F.SilkS) (width 0.12))
    (fp_line (start -0.9 1.98) (end -4.5 1.98) (layer F.SilkS) (width 0.12))
    (fp_circle (center 0 6.48) (end 1.8 6.48) (layer F.SilkS) (width 0.12))
    (fp_line (start -0.42 1.2) (end -0.42 1.8) (layer F.SilkS) (width 0.12))
    (fp_line (start 0.42 1.2) (end 0.42 1.8) (layer F.SilkS) (width 0.12))
    (fp_line (start -1.4 -1.18) (end -1.4 -0.08) (layer F.SilkS) (width 0.12))
    (fp_line (start -1.4 -1.18) (end -0.08 -1.18) (layer F.SilkS) (width 0.12))
    (fp_line (start 4.5 12.48) (end 4.5 2.08) (layer F.Fab) (width 0.1))
    (fp_line (start 4.5 12.48) (end -4.5 12.48) (layer F.Fab) (width 0.1))
    (fp_line (start 5 13.25) (end 5 -1.58) (layer F.CrtYd) (width 0.05))
    (fp_line (start 5 13.25) (end -5 13.25) (layer F.CrtYd) (width 0.05))
    (fp_line (start 5 -1.58) (end -5 -1.58) (layer F.CrtYd) (width 0.05))
    (fp_line (start 4.5 2.03) (end -4.5 2.03) (layer F.Fab) (width 0.1))
    (fp_circle (center 0 6.48) (end 1.8 6.48) (layer F.Fab) (width 0.1))
    (fp_line (start 0 0) (end 0 2.03) (layer F.Fab) (width 0.1))
    (pad TN thru_hole oval (at 0 3.1 180) (size 2.8 2.35) (drill 1.8) (layers *.Cu *.Mask))
    (pad S thru_hole rect (at 0 0 180) (size 2.6 2.15) (drill 1.6) (layers *.Cu *.Mask)
      (net 39 "Net-(J4-PadS)"))
    (pad T thru_hole circle (at 0 11.4 180) (size 2.7 2.7) (drill 1.8) (layers *.Cu *.Mask)
      (net 40 "Net-(J4-PadT)"))
    (model ${KISYS3DMOD}/Connector_Audio.3dshapes/Jack_3.5mm_QingPu_WQP-PJ398SM_Vertical.wrl
      (at (xyz 0 0 0))
      (scale (xyz 1 1 1))
      (rotate (xyz 0 0 0))
    )
  )

  (module Connector_Audio:Jack_3.5mm_QingPu_WQP-PJ398SM_Vertical_CircularHoles (layer F.Cu) (tedit 5BC12CFB) (tstamp 5D5905B0)
    (at 86.36 85.09)
    (descr "TRS 3.5mm, vertical, Thonkiconn, PCB mount, (http://www.qingpu-electronics.com/en/products/WQP-PJ398SM-362.html)")
    (tags "WQP-PJ398SM TRS 3.5mm mono vertical jack thonkiconn qingpu")
    (path /5D4B3EDF)
    (fp_text reference J3 (at -4.03 1.08 180) (layer F.SilkS)
      (effects (font (size 1 1) (thickness 0.15)))
    )
    (fp_text value AudioJack3 (at 0 5 180) (layer F.Fab)
      (effects (font (size 1 1) (thickness 0.15)))
    )
    (fp_line (start 0 0) (end 0 2.03) (layer F.Fab) (width 0.1))
    (fp_circle (center 0 6.48) (end 1.8 6.48) (layer F.Fab) (width 0.1))
    (fp_line (start 4.5 2.03) (end -4.5 2.03) (layer F.Fab) (width 0.1))
    (fp_line (start 5 -1.58) (end -5 -1.58) (layer F.CrtYd) (width 0.05))
    (fp_line (start 5 13.25) (end -5 13.25) (layer F.CrtYd) (width 0.05))
    (fp_line (start 5 13.25) (end 5 -1.58) (layer F.CrtYd) (width 0.05))
    (fp_line (start 4.5 12.48) (end -4.5 12.48) (layer F.Fab) (width 0.1))
    (fp_line (start 4.5 12.48) (end 4.5 2.08) (layer F.Fab) (width 0.1))
    (fp_line (start -1.4 -1.18) (end -0.08 -1.18) (layer F.SilkS) (width 0.12))
    (fp_line (start -1.4 -1.18) (end -1.4 -0.08) (layer F.SilkS) (width 0.12))
    (fp_line (start 0.42 1.2) (end 0.42 1.8) (layer F.SilkS) (width 0.12))
    (fp_line (start -0.42 1.2) (end -0.42 1.8) (layer F.SilkS) (width 0.12))
    (fp_circle (center 0 6.48) (end 1.8 6.48) (layer F.SilkS) (width 0.12))
    (fp_line (start -0.9 1.98) (end -4.5 1.98) (layer F.SilkS) (width 0.12))
    (fp_line (start 4.5 1.98) (end 0.9 1.98) (layer F.SilkS) (width 0.12))
    (fp_line (start -1 12.48) (end -4.5 12.48) (layer F.SilkS) (width 0.12))
    (fp_line (start 4.5 12.48) (end 1 12.48) (layer F.SilkS) (width 0.12))
    (fp_arc (start 0 6.48) (end 0 9.375) (angle -153.4) (layer F.SilkS) (width 0.12))
    (fp_arc (start 0 6.48) (end 0 9.375) (angle 153.4) (layer F.SilkS) (width 0.12))
    (fp_line (start -1.41 6.02) (end -0.46 5.07) (layer Dwgs.User) (width 0.12))
    (fp_line (start -1.42 6.875) (end 0.4 5.06) (layer Dwgs.User) (width 0.12))
    (fp_line (start -1.07 7.49) (end 1.01 5.41) (layer Dwgs.User) (width 0.12))
    (fp_line (start -0.58 7.83) (end 1.36 5.89) (layer Dwgs.User) (width 0.12))
    (fp_line (start 0.09 7.96) (end 1.48 6.57) (layer Dwgs.User) (width 0.12))
    (fp_circle (center 0 6.48) (end 1.5 6.48) (layer Dwgs.User) (width 0.12))
    (fp_line (start 4.5 1.98) (end 4.5 12.48) (layer F.SilkS) (width 0.12))
    (fp_line (start -4.5 1.98) (end -4.5 12.48) (layer F.SilkS) (width 0.12))
    (fp_text user %R (at 0 8 180) (layer F.Fab)
      (effects (font (size 1 1) (thickness 0.15)))
    )
    (fp_line (start -4.5 12.48) (end -4.5 2.08) (layer F.Fab) (width 0.1))
    (fp_line (start -5 13.25) (end -5 -1.58) (layer F.CrtYd) (width 0.05))
    (fp_text user KEEPOUT (at 0 6.48) (layer Cmts.User)
      (effects (font (size 0.4 0.4) (thickness 0.051)))
    )
    (pad T thru_hole circle (at 0 11.4 180) (size 2.7 2.7) (drill 1.8) (layers *.Cu *.Mask)
      (net 37 "Net-(J3-PadT)"))
    (pad S thru_hole rect (at 0 0 180) (size 2.6 2.15) (drill 1.6) (layers *.Cu *.Mask)
      (net 38 "Net-(J3-PadS)"))
    (pad TN thru_hole oval (at 0 3.1 180) (size 2.8 2.35) (drill 1.8) (layers *.Cu *.Mask))
    (model ${KISYS3DMOD}/Connector_Audio.3dshapes/Jack_3.5mm_QingPu_WQP-PJ398SM_Vertical.wrl
      (at (xyz 0 0 0))
      (scale (xyz 1 1 1))
      (rotate (xyz 0 0 0))
    )
  )

  (module Connector_Audio:Jack_3.5mm_QingPu_WQP-PJ398SM_Vertical_CircularHoles (layer F.Cu) (tedit 5BC12CFB) (tstamp 5D59058A)
    (at 182.88 86.36)
    (descr "TRS 3.5mm, vertical, Thonkiconn, PCB mount, (http://www.qingpu-electronics.com/en/products/WQP-PJ398SM-362.html)")
    (tags "WQP-PJ398SM TRS 3.5mm mono vertical jack thonkiconn qingpu")
    (path /5D4B413E)
    (fp_text reference J2 (at -4.03 1.08 180) (layer F.SilkS)
      (effects (font (size 1 1) (thickness 0.15)))
    )
    (fp_text value AudioJack3 (at 0 5 180) (layer F.Fab)
      (effects (font (size 1 1) (thickness 0.15)))
    )
    (fp_text user KEEPOUT (at 0 6.48) (layer Cmts.User)
      (effects (font (size 0.4 0.4) (thickness 0.051)))
    )
    (fp_line (start -5 13.25) (end -5 -1.58) (layer F.CrtYd) (width 0.05))
    (fp_line (start -4.5 12.48) (end -4.5 2.08) (layer F.Fab) (width 0.1))
    (fp_text user %R (at 0 8 180) (layer F.Fab)
      (effects (font (size 1 1) (thickness 0.15)))
    )
    (fp_line (start -4.5 1.98) (end -4.5 12.48) (layer F.SilkS) (width 0.12))
    (fp_line (start 4.5 1.98) (end 4.5 12.48) (layer F.SilkS) (width 0.12))
    (fp_circle (center 0 6.48) (end 1.5 6.48) (layer Dwgs.User) (width 0.12))
    (fp_line (start 0.09 7.96) (end 1.48 6.57) (layer Dwgs.User) (width 0.12))
    (fp_line (start -0.58 7.83) (end 1.36 5.89) (layer Dwgs.User) (width 0.12))
    (fp_line (start -1.07 7.49) (end 1.01 5.41) (layer Dwgs.User) (width 0.12))
    (fp_line (start -1.42 6.875) (end 0.4 5.06) (layer Dwgs.User) (width 0.12))
    (fp_line (start -1.41 6.02) (end -0.46 5.07) (layer Dwgs.User) (width 0.12))
    (fp_arc (start 0 6.48) (end 0 9.375) (angle 153.4) (layer F.SilkS) (width 0.12))
    (fp_arc (start 0 6.48) (end 0 9.375) (angle -153.4) (layer F.SilkS) (width 0.12))
    (fp_line (start 4.5 12.48) (end 1 12.48) (layer F.SilkS) (width 0.12))
    (fp_line (start -1 12.48) (end -4.5 12.48) (layer F.SilkS) (width 0.12))
    (fp_line (start 4.5 1.98) (end 0.9 1.98) (layer F.SilkS) (width 0.12))
    (fp_line (start -0.9 1.98) (end -4.5 1.98) (layer F.SilkS) (width 0.12))
    (fp_circle (center 0 6.48) (end 1.8 6.48) (layer F.SilkS) (width 0.12))
    (fp_line (start -0.42 1.2) (end -0.42 1.8) (layer F.SilkS) (width 0.12))
    (fp_line (start 0.42 1.2) (end 0.42 1.8) (layer F.SilkS) (width 0.12))
    (fp_line (start -1.4 -1.18) (end -1.4 -0.08) (layer F.SilkS) (width 0.12))
    (fp_line (start -1.4 -1.18) (end -0.08 -1.18) (layer F.SilkS) (width 0.12))
